N:40 M:400 mean:30.0640625 std:0.026457397764791134 time:344.2607879638672
N:80 M:800 mean:59.93640625 std:0.026415003518619334 time:550.1781058311462
N:120 M:1200 mean:89.990625 std:0.027897079960320214 time:706.076789855957
N:160 M:1600 mean:120.027265625 std:0.027680391385062182 time:717.1689033508301
