N:40 M:400 mean:29.9721875 std:0.027756610804624094 time:340.83856534957886
N:80 M:800 mean:59.97953125 std:0.02833064951433865 time:567.1663689613342
N:120 M:1200 mean:90.0365625 std:0.028386961444968443 time:674.0299665927887
N:160 M:1600 mean:119.970078125 std:0.027938762661863313 time:716.9975185394287
